inspirat	maxp	baby
3.9	14.6	1
5.1	16.2	1
3.7	21.6	1
3.5	13.9	1
4.6	16.9	1
4.5	13.9	1
5.7	13.1	1
4.2	21.6	1
4.7	11.6	1
5.7	7.7	1
5.5	11.6	1
4.4	22.3	1
3.8	18.5	1
4.2	10.8	1
5.8	17.7	1
5.6	17.7	1
11.5	19	2
13.4	15.4	2
15	13.9	2
9.2	19.3	2
12	17.7	2
8.9	10	2
4.9	9.2	2
13.3	22.3	2
4.4	5.8	2
15	19.3	2
8.9	21	2
5.1	12	3
13	12	3
8.9	14.4	3
1.8	12	3
4.9	16	3
3.6	7.2	3
1.4	7.2	3
2.5	5.6	3
2.7	6.4	3
5.5	13.6	3
5.4	13.6	3
4.2	12	3
4.6	5.6	3
3	9.6	3
7.1	16	3
5.2	10.4	3
3.3	13.6	3
2.9	8.8	3
9.6	16.8	3
4.5	12	3
4.7	13.6	3
5.6	14.4	3
2.9	14.4	3
4.6	16.8	3
9.5	11.2	3
3.9	8.8	3
1.8	19.2	4
3.3	19.4	4
5.9	19.2	4
4.8	22.9	4
4.4	16.3	4
2.3	26.6	4
5.1	15.4	4
7.9	15.4	4
3.5	22.2	4
3.7	16.7	4
7.1	9.2	5
2.7	7.7	5
9.2	11.6	5
4.2	8.5	5
4.4	8.5	5
6.3	10	5
4.3	13.1	5
.8	9.2	5
5.6	7.7	5
2.4	10	5
4.6	8.1	5
7.1	10	5
6	8.5	5
3	10	5
5.6	6.9	5
2.7	13.9	5
7.4	6.2	5
4.6	9.2	5
4.7	6.9	5
5.5	7.7	5
5.3	10	5
2.8	12.3	5
1.1	.	6
9.8	33.9	6
2.5	4.6	6
2.8	3.1	6
3.4	25.4	6
2.1	15.4	6
4.4	8.5	6
3	20.8	6
1.9	11.6	6
2.8	23.1	6
4	10.8	6
2.8	4.6	6
2.5	7.7	6
3.6	19.3	6
2.6	16.9	6
5.1	20	6
2.8	13.5	6
2.7	11.6	6
3.4	8.9	6
1.8	4.6	6
5.7	7.4	7
6.2	14.6	7
3.1	5.9	7
8.8	19.3	7
6.8	14.8	7
3.9	11.1	7
2.2	8.1	7
2.2	8.9	7
1.6	5.2	7
4.3	12.6	7
6.4	18.5	7
5.5	13.3	7
4.6	8.1	7
3.3	10	7
2.4	10.4	7
1.4	12.6	7
4	11.8	7
3	6.7	7
3.6	9.2	7
2.8	5.2	7
3.1	14.1	7
3.6	14.8	7
5.7	14.8	7
9.7	12.3	7
.8	2.3	8
4.8	11.6	8
3.8	7.7	8
8	12.3	8
3.1	6.9	8
3.1	12.7	8
1.8	4.6	8
4.8	13.1	8
2.4	10	8
3.2	11.2	8
4.3	4.4	8
5.3	11.6	8
2.7	3.9	8
6.3	22.3	8
2.4	7.7	8
5.1	11.6	8
3.4	7.7	8
3	10.8	8
3.2	5.4	8
6.7	15.4	8
3.7	7.7	8
7.3	16.2	8
4	9.2	8
5.8	10	8
7.5	22.3	8
3.6	7.3	8
3.8	4.6	8
5.7	14.6	8
7.1	20	8
2	6.5	8
5.6	18.5	8
1.5	2.3	8
3.8	10	8
2.8	6.9	8
1.4	2.3	8
6	22.3	8
3.8	6.2	8
2	6.2	8
4.8	9.1	9
9.6	8.4	9
4.2	8.4	9
6.7	10.5	9
11.2	8.4	9
3.1	4.9	9
10.5	8.1	9
7.3	8.4	9
4.5	6.3	9
6.8	10.5	9
4.5	2.8	9
9.7	9.1	9
12.5	11.6	9
11.2	10.5	9
8.8	7	9
5.3	10.8	10
2.9	7.7	10
5.3	20.8	10
9.2	15.4	10
7.9	20.8	10
6	11.6	10
5.3	13.1	10
5.6	14.6	10
4.7	13.9	10
3.1	11.6	10
7.1	10.8	10
9.9	23.1	10
5.5	11.6	10
8.9	8.5	10
7.4	9.2	10
7.5	22.3	10
6.2	15.4	10
5.6	16.2	10
5.8	13.9	10
9.9	18.5	10
3.2	9.2	10
6	12.3	10
8.9	19.3	10
2.6	8.5	10
7.3	20.8	10
6.7	18.5	10
8.9	20.8	10
10.6	16.9	10
9.4	19.3	11
2.4	7.7	11
6.4	11.6	11
9.7	24.6	11
12.8	18.5	11
6.5	9.2	11
9.9	15.4	11
4.6	6.9	11
1.8	10.8	11
3.3	10.8	11
14.8	22.3	11
4.5	15.4	11
6.3	11.6	11
2.9	7.3	11
4.6	15.4	11
5	11.8	11
4.2	10	11
6	13.1	12
6.6	7.4	12
2	8.9	12
5.1	17	12
5.8	19.2	12
3.2	18.5	12
1.8	3.7	12
1.6	6.7	12
4.6	18.5	12
4.2	12.6	12
2.5	9.6	12
2.4	7.4	12
4.1	11.8	12
2.8	10.4	12
11.6	17	13
7.4	12.5	13
7.2	25	13
6	10	13
5.7	15	13
8.7	16.7	13
7.1	8.4	13
2.9	6.7	13
9.8	23.4	13
3.9	6.8	13
2.9	6.8	13
9.1	18.4	13
3.6	13.4	13
5.4	11.7	13
2.7	11.7	13
5.9	10.9	13
2.7	5.1	13
5.3	13.4	13
4	8.4	13
9.4	16.7	13
2.4	6.7	13
4.1	3.3	13
4.1	13.3	13
4	3.4	13
4.6	11.7	13
2.2	5	13
7.2	16.7	13
8.6	15	13
3	5.8	13
3.5	8	14
6.4	14.4	14
2.6	12.8	14
3.7	16	14
2.7	11.2	14
5.2	9.6	14
5	14.4	14
4.8	16	14
5.1	12.8	14
6.9	16	14
2.2	13.6	14
4.8	14.4	14
6.3	19.2	14
2.5	11.2	14
6	17.6	14
2.4	4.4	15
4.4	6.9	15
4.4	6.3	15
4.9	8.8	15
1.5	2.5	15
8.2	5.7	15
4.6	7.6	15
5.7	7.6	15
5.7	6.3	15
3.3	7.8	15
2.8	7.6	15
4.2	5.7	15
5.9	6.3	15
4.4	8.8	15
1.2	6	16
9.5	15	16
9.6	15	16
6.2	9	16
5.2	8.4	16
1.4	3	16
5.9	4.8	16
6.6	21.6	16
3.2	8.4	16
2.6	9.9	16
5.5	9	16
7.5	10.8	16
4.7	5.4	16
15.3	14.4	16
2.3	3.6	16
4.3	6	16
2.2	2.8	17
2.3	5	17
5.1	9.5	17
6.3	10	17
1	4.5	17
7.3	13.4	17
9.5	11.7	17
7.7	15.1	17
7.8	16.8	17
10.3	14.6	17
4.5	8.4	17
11.2	12.9	17
5.2	7.6	17
5.9	16.2	17
4.9	9	17
7.6	10.1	17
6.9	13.4	17
7.9	14.6	17
5.3	6.7	17
8.2	14	17
4	8.4	17
2.4	5.9	17
3.4	7.3	17
1.6	4.5	17
8.5	17.9	17
10.6	15.7	17
4.1	7.8	17
6.7	14.1	17
4.5	7.3	17
4.2	5.6	17
3.5	4.5	18
3.7	9	18
2.8	5.5	18
3.7	6.5	18
2.8	8	18
1.8	6	18
8.6	11	18
4	4.5	18
5.3	11	18
4.5	9	18
3.5	7.5	18
6.9	7.5	18
5.2	10	18
5.9	9.5	18
6	9.5	18
7.1	10.5	18
3.8	9.5	18
6.4	7.5	18
2.5	2.5	18
4.5	9.5	18
4.2	5	18
3.8	5	18
2.5	4.5	18
2.3	5.5	18
2.5	4.5	18
5.8	8.5	18
2.5	3	18
5	6.8	18
2.5	4	18
3.9	3	18
5.1	7.5	18
4	8.5	18
11.1	7.5	18
9.6	10	18
4.9	5.5	18
1.5	11	18
2.2	7.5	18
4.1	5.5	18
3.5	7.5	18
6	10	18
1.9	7	18
3.7	9	18
4.4	10	18
8.2	7.5	18
2.4	5.5	18
7.4	7.5	18
5.5	6.5	18
2.6	.	19
2.4	6.4	19
6.5	17.2	19
2.9	5.8	19
3.7	9	19
2.3	8.5	19
5	12.2	19
4.2	17.5	19
1.5	6.4	19
2.3	6.4	19
4.4	6.2	19
4.9	8	19
2.9	6.4	19
4.8	15.9	19
3.9	11.1	19
3.4	7	20
3.5	7	20
3.2	10.5	20
3.6	9.5	20
4.9	7	20
6.1	9.1	20
3.1	9.1	20
3.2	8.4	20
3.4	7	20
4.8	11.2	20
5.7	10.5	20
7.4	11.9	20
5.6	13.3	20
6.1	13	20
2.3	5.6	20
5.8	11.6	20
4	10.5	20
5.8	11.9	20
6.4	10.5	20
6.8	7.7	20
2.8	7.7	20
2.8	9.8	20
4.8	24.2	21
3.8	12.1	21
2.4	14	21
7.4	22.3	21
2.5	10.2	21
4.1	7.4	21
5.6	27	21
3.8	18.6	21
3.3	25.3	22
1.4	5.5	22
3.6	12.1	22
6.9	36.3	22
1.5	7.7	22
2.9	9.9	22
4.2	27.5	22
3.9	8.3	22
2	8.3	22
5	18	22
3.7	28.6	22
1.6	7.7	22
8.9	14.3	22
5.2	35.8	22
4.8	26.4	22
3.1	33.6	22
4.8	34.1	22
5.2	27.5	22
3.4	9.4	23
3.6	18.3	23
2.9	23	23
6	21.6	23
4.7	22.6	23
3.5	18.8	23
1	8.9	23
3.5	18.3	23
9.9	17.9	23
8.7	13.2	23
4	17.4	23
2.2	6.1	23
6.2	23.5	23
5.7	23.5	23
8	19	23
8.1	19.7	23
6.9	30.1	23
4.2	24.4	23
8	22.5	24
3.4	8	24
7.2	10	24
7.3	9	24
2.5	10	24
5.9	15	24
12	23	24
9.9	21	24
9.9	19	24
10.2	14	24
9.9	22	24
7.5	18	24
3.4	8	24
6	15	24
5	14	24
4.6	9	24
7.6	12	24
10.1	18	24
16.1	23	24
7.7	12	24
8.4	22	24
8.8	22	24
4	11	24
23.5	19.5	24
6.3	13.5	24
4.4	21	25
5.3	10	25
4.3	20.5	25
2.5	22	25
4.2	20	25
3.7	21	25
5.2	13	25
2.9	10	25
4.2	20	25
3.8	7	25
5.9	18	25
2.9	7	25
4.9	21	25
2.9	9	25
9.5	33.2	26
7.8	17	26
4.1	13.4	26
12.5	16.1	26
3.3	13.9	26
13.6	40	26
6.8	44	26
6.4	16.6	26
9.5	47	26
3.4	13.4	26
6.1	37.4	26
8.7	16.6	26
12.9	18.2	26
15.7	31	26
6.3	22.5	26
4.8	21.4	26
5.6	14.4	26
6	17.1	26
1.7	8	26
2.9	12.8	26
5.3	35.3	26
5.6	32	26
2.5	18.2	26
5.4	9.1	27
3.4	6.5	27
2.6	16.9	27
4.2	16.3	27
6.6	15	27
3.6	14.3	27
4.8	12.4	27
2.1	7.8	27
4.4	15.6	27
3.8	16.9	27
2.5	10.4	27
4.2	11.7	27
4.9	14.3	27
3.7	5.9	27
1.7	10.4	27
4.2	16.9	27
13	15.6	27
6.8	19.5	27
